version https://git-lfs.github.com/spec/v1
oid sha256:a8cb7df3089d59dce3308b723b6cfc1665cf8ef75366322ab5caee24e8c04201
size 229
